//for n=3 :
Number of basis : 168 
(0 0 1 )   (0 1 0 )   (1 0 0 )   
(0 0 1 )   (0 1 0 )   (1 0 1 )   
(0 0 1 )   (0 1 0 )   (1 1 0 )   
(0 0 1 )   (0 1 0 )   (1 1 1 )   
(0 0 1 )   (0 1 1 )   (1 0 0 )   
(0 0 1 )   (0 1 1 )   (1 0 1 )   
(0 0 1 )   (0 1 1 )   (1 1 0 )   
(0 0 1 )   (0 1 1 )   (1 1 1 )   
(0 0 1 )   (1 0 0 )   (0 1 0 )   
(0 0 1 )   (1 0 0 )   (0 1 1 )   
(0 0 1 )   (1 0 0 )   (1 1 0 )   
(0 0 1 )   (1 0 0 )   (1 1 1 )   
(0 0 1 )   (1 0 1 )   (0 1 0 )   
(0 0 1 )   (1 0 1 )   (0 1 1 )   
(0 0 1 )   (1 0 1 )   (1 1 0 )   
(0 0 1 )   (1 0 1 )   (1 1 1 )   
(0 0 1 )   (1 1 0 )   (0 1 0 )   
(0 0 1 )   (1 1 0 )   (0 1 1 )   
(0 0 1 )   (1 1 0 )   (1 0 0 )   
(0 0 1 )   (1 1 0 )   (1 0 1 )   
(0 0 1 )   (1 1 1 )   (0 1 0 )   
(0 0 1 )   (1 1 1 )   (0 1 1 )   
(0 0 1 )   (1 1 1 )   (1 0 0 )   
(0 0 1 )   (1 1 1 )   (1 0 1 )   
(0 1 0 )   (0 0 1 )   (1 0 0 )   
(0 1 0 )   (0 0 1 )   (1 0 1 )   
(0 1 0 )   (0 0 1 )   (1 1 0 )   
(0 1 0 )   (0 0 1 )   (1 1 1 )   
(0 1 0 )   (0 1 1 )   (1 0 0 )   
(0 1 0 )   (0 1 1 )   (1 0 1 )   
(0 1 0 )   (0 1 1 )   (1 1 0 )   
(0 1 0 )   (0 1 1 )   (1 1 1 )   
(0 1 0 )   (1 0 0 )   (0 0 1 )   
(0 1 0 )   (1 0 0 )   (0 1 1 )   
(0 1 0 )   (1 0 0 )   (1 0 1 )   
(0 1 0 )   (1 0 0 )   (1 1 1 )   
(0 1 0 )   (1 0 1 )   (0 0 1 )   
(0 1 0 )   (1 0 1 )   (0 1 1 )   
(0 1 0 )   (1 0 1 )   (1 0 0 )   
(0 1 0 )   (1 0 1 )   (1 1 0 )   
(0 1 0 )   (1 1 0 )   (0 0 1 )   
(0 1 0 )   (1 1 0 )   (0 1 1 )   
(0 1 0 )   (1 1 0 )   (1 0 1 )   
(0 1 0 )   (1 1 0 )   (1 1 1 )   
(0 1 0 )   (1 1 1 )   (0 0 1 )   
(0 1 0 )   (1 1 1 )   (0 1 1 )   
(0 1 0 )   (1 1 1 )   (1 0 0 )   
(0 1 0 )   (1 1 1 )   (1 1 0 )   
(0 1 1 )   (0 0 1 )   (1 0 0 )   
(0 1 1 )   (0 0 1 )   (1 0 1 )   
(0 1 1 )   (0 0 1 )   (1 1 0 )   
(0 1 1 )   (0 0 1 )   (1 1 1 )   
(0 1 1 )   (0 1 0 )   (1 0 0 )   
(0 1 1 )   (0 1 0 )   (1 0 1 )   
(0 1 1 )   (0 1 0 )   (1 1 0 )   
(0 1 1 )   (0 1 0 )   (1 1 1 )   
(0 1 1 )   (1 0 0 )   (0 0 1 )   
(0 1 1 )   (1 0 0 )   (0 1 0 )   
(0 1 1 )   (1 0 0 )   (1 0 1 )   
(0 1 1 )   (1 0 0 )   (1 1 0 )   
(0 1 1 )   (1 0 1 )   (0 0 1 )   
(0 1 1 )   (1 0 1 )   (0 1 0 )   
(0 1 1 )   (1 0 1 )   (1 0 0 )   
(0 1 1 )   (1 0 1 )   (1 1 1 )   
(0 1 1 )   (1 1 0 )   (0 0 1 )   
(0 1 1 )   (1 1 0 )   (0 1 0 )   
(0 1 1 )   (1 1 0 )   (1 0 0 )   
(0 1 1 )   (1 1 0 )   (1 1 1 )   
(0 1 1 )   (1 1 1 )   (0 0 1 )   
(0 1 1 )   (1 1 1 )   (0 1 0 )   
(0 1 1 )   (1 1 1 )   (1 0 1 )   
(0 1 1 )   (1 1 1 )   (1 1 0 )   
(1 0 0 )   (0 0 1 )   (0 1 0 )   
(1 0 0 )   (0 0 1 )   (0 1 1 )   
(1 0 0 )   (0 0 1 )   (1 1 0 )   
(1 0 0 )   (0 0 1 )   (1 1 1 )   
(1 0 0 )   (0 1 0 )   (0 0 1 )   
(1 0 0 )   (0 1 0 )   (0 1 1 )   
(1 0 0 )   (0 1 0 )   (1 0 1 )   
(1 0 0 )   (0 1 0 )   (1 1 1 )   
(1 0 0 )   (0 1 1 )   (0 0 1 )   
(1 0 0 )   (0 1 1 )   (0 1 0 )   
(1 0 0 )   (0 1 1 )   (1 0 1 )   
(1 0 0 )   (0 1 1 )   (1 1 0 )   
(1 0 0 )   (1 0 1 )   (0 1 0 )   
(1 0 0 )   (1 0 1 )   (0 1 1 )   
(1 0 0 )   (1 0 1 )   (1 1 0 )   
(1 0 0 )   (1 0 1 )   (1 1 1 )   
(1 0 0 )   (1 1 0 )   (0 0 1 )   
(1 0 0 )   (1 1 0 )   (0 1 1 )   
(1 0 0 )   (1 1 0 )   (1 0 1 )   
(1 0 0 )   (1 1 0 )   (1 1 1 )   
(1 0 0 )   (1 1 1 )   (0 0 1 )   
(1 0 0 )   (1 1 1 )   (0 1 0 )   
(1 0 0 )   (1 1 1 )   (1 0 1 )   
(1 0 0 )   (1 1 1 )   (1 1 0 )   
(1 0 1 )   (0 0 1 )   (0 1 0 )   
(1 0 1 )   (0 0 1 )   (0 1 1 )   
(1 0 1 )   (0 0 1 )   (1 1 0 )   
(1 0 1 )   (0 0 1 )   (1 1 1 )   
(1 0 1 )   (0 1 0 )   (0 0 1 )   
(1 0 1 )   (0 1 0 )   (0 1 1 )   
(1 0 1 )   (0 1 0 )   (1 0 0 )   
(1 0 1 )   (0 1 0 )   (1 1 0 )   
(1 0 1 )   (0 1 1 )   (0 0 1 )   
(1 0 1 )   (0 1 1 )   (0 1 0 )   
(1 0 1 )   (0 1 1 )   (1 0 0 )   
(1 0 1 )   (0 1 1 )   (1 1 1 )   
(1 0 1 )   (1 0 0 )   (0 1 0 )   
(1 0 1 )   (1 0 0 )   (0 1 1 )   
(1 0 1 )   (1 0 0 )   (1 1 0 )   
(1 0 1 )   (1 0 0 )   (1 1 1 )   
(1 0 1 )   (1 1 0 )   (0 0 1 )   
(1 0 1 )   (1 1 0 )   (0 1 0 )   
(1 0 1 )   (1 1 0 )   (1 0 0 )   
(1 0 1 )   (1 1 0 )   (1 1 1 )   
(1 0 1 )   (1 1 1 )   (0 0 1 )   
(1 0 1 )   (1 1 1 )   (0 1 1 )   
(1 0 1 )   (1 1 1 )   (1 0 0 )   
(1 0 1 )   (1 1 1 )   (1 1 0 )   
(1 1 0 )   (0 0 1 )   (0 1 0 )   
(1 1 0 )   (0 0 1 )   (0 1 1 )   
(1 1 0 )   (0 0 1 )   (1 0 0 )   
(1 1 0 )   (0 0 1 )   (1 0 1 )   
(1 1 0 )   (0 1 0 )   (0 0 1 )   
(1 1 0 )   (0 1 0 )   (0 1 1 )   
(1 1 0 )   (0 1 0 )   (1 0 1 )   
(1 1 0 )   (0 1 0 )   (1 1 1 )   
(1 1 0 )   (0 1 1 )   (0 0 1 )   
(1 1 0 )   (0 1 1 )   (0 1 0 )   
(1 1 0 )   (0 1 1 )   (1 0 0 )   
(1 1 0 )   (0 1 1 )   (1 1 1 )   
(1 1 0 )   (1 0 0 )   (0 0 1 )   
(1 1 0 )   (1 0 0 )   (0 1 1 )   
(1 1 0 )   (1 0 0 )   (1 0 1 )   
(1 1 0 )   (1 0 0 )   (1 1 1 )   
(1 1 0 )   (1 0 1 )   (0 0 1 )   
(1 1 0 )   (1 0 1 )   (0 1 0 )   
(1 1 0 )   (1 0 1 )   (1 0 0 )   
(1 1 0 )   (1 0 1 )   (1 1 1 )   
(1 1 0 )   (1 1 1 )   (0 1 0 )   
(1 1 0 )   (1 1 1 )   (0 1 1 )   
(1 1 0 )   (1 1 1 )   (1 0 0 )   
(1 1 0 )   (1 1 1 )   (1 0 1 )   
(1 1 1 )   (0 0 1 )   (0 1 0 )   
(1 1 1 )   (0 0 1 )   (0 1 1 )   
(1 1 1 )   (0 0 1 )   (1 0 0 )   
(1 1 1 )   (0 0 1 )   (1 0 1 )   
(1 1 1 )   (0 1 0 )   (0 0 1 )   
(1 1 1 )   (0 1 0 )   (0 1 1 )   
(1 1 1 )   (0 1 0 )   (1 0 0 )   
(1 1 1 )   (0 1 0 )   (1 1 0 )   
(1 1 1 )   (0 1 1 )   (0 0 1 )   
(1 1 1 )   (0 1 1 )   (0 1 0 )   
(1 1 1 )   (0 1 1 )   (1 0 1 )   
(1 1 1 )   (0 1 1 )   (1 1 0 )   
(1 1 1 )   (1 0 0 )   (0 0 1 )   
(1 1 1 )   (1 0 0 )   (0 1 0 )   
(1 1 1 )   (1 0 0 )   (1 0 1 )   
(1 1 1 )   (1 0 0 )   (1 1 0 )   
(1 1 1 )   (1 0 1 )   (0 0 1 )   
(1 1 1 )   (1 0 1 )   (0 1 1 )   
(1 1 1 )   (1 0 1 )   (1 0 0 )   
(1 1 1 )   (1 0 1 )   (1 1 0 )   
(1 1 1 )   (1 1 0 )   (0 1 0 )   
(1 1 1 )   (1 1 0 )   (0 1 1 )   
(1 1 1 )   (1 1 0 )   (1 0 0 )   
(1 1 1 )   (1 1 0 )   (1 0 1 )   

